00xx
00xx
00xx
00xx
01xx
01xx
11xx
11xx
110x
1001
1001
1001
1001
1001
1101
1101
0101
0101
0100
0010
0010
0010
0010
0010
0110
0110
0110
0110
0100
0001
0001
0001
0001
0001
0101
0101
1101
1101
1101
1001
1001
1001
1001
1001
1101
1101
0101
0101
0100
0010
0010
0010
0010
0010
0110
0110
1110
1110
1100
1001
1001
1001
1001
1001
1101
1101
1101
1101
1100
1010
1010
1010
1010
1010
1110
1110
0110
0110
0110
0010
1010
1010
1010
1010
1110
1110
1110
1110
1110
1010
1010
1010
1010
1010
1110
1110
1110
1110
1110
1010
