00xx
00xx
00xx
00xx
01xx
01xx
010x
0101
0101
0001
0001
0001
0001
0001
1001
1001
1001
1001
1001
1101
1101
1100
1110
1110
0010
0010
0010
0010
0010
0110
0110
0100
0101
0101
0001
0001
0001
0001
0001
0001
0001
0001
0001
0001
0001
0001
0001
0001
0001
1101
1001
1000
1011
1000
1011
1000
1011
1000
1011
1000
1011
1000
1011
1000
1011
1000
1011
1000
1011
1000
1011
1000
1011
1000
1011
1000
1011
1000
1011
1000
1011
1000
1011
1000
1011
1000
1011
1000
1011
1000
1011
1000
1011
1000
1011
1000
1011
1000
1011
1000
